5.93932154 7.43670430
6.42487038 5.90394865
4.81289319 6.81304702
4.93828490 9.02595701
9.67296484 4.45097367
8.12552534 5.76005428
6.11240105 9.33036974
1.63932452 1.78416370
1.18196558 8.49357861
8.00341076 8.83010933
9.80756508 8.19242708
5.15331426 8.02476259
2.06446983 6.75928919
2.29017959 9.50202025
5.69663490 4.73195746
3.38100051 7.96810320
5.10535299 6.11590554
1.16910820 6.55871947
6.50886150 6.55240597
9.49373271 7.13638269
4.23557111 4.93328758
7.27868076 1.54202924
7.00090044 7.03574083
2.89344305 2.16033668
3.83885516 4.27339694
6.13177093 4.94741362
9.89536454 1.91840330
2.87989080 2.45178566
6.87797493 3.27962442
5.19679696 3.19983033
2.43072625 1.99337627
6.90696631 2.24364656
2.76924126 4.31852654
8.38893907 1.87391148
8.54150417 1.86488567
9.78813519 5.21786081
9.79084979 6.44360968
7.65337221 1.35269013
3.54526266 2.08176905
3.66526178 2.06854947
3.86184861 4.72836695
1.57732747 7.23224907
6.09941309 3.38850542
5.70923248 1.84546460
6.18351846 9.36366578
3.86712057 7.00669342
2.18618076 7.44694484
3.60465484 2.64872226
6.27861641 1.18096792
8.46046026 1.04225929
7.10034883 3.43007176
7.61674620 9.65969691
3.23877829 6.18541601
6.32837738 6.15026715
3.00773469 9.57474110
5.02412841 8.61767805
7.29531348 3.67693256
8.32418038 4.56855167
8.92992877 6.23145585
8.93561826 7.23278431
7.52728852 5.51191944
9.60475271 6.79591179
4.81469544 6.45753893
1.17273878 3.71417335
6.94156184 3.61069846
6.56213886 4.85891831
2.21926658 3.68454093
6.12968420 6.31785485
6.16892724 6.87880738
6.86892943 4.88276592
9.06891936 4.30805683
4.92278433 9.02731020
8.25574590 7.33499725
1.90204199 9.27534352
7.42817170 9.98962306
2.34503474 8.81313452
2.46243641 6.54003608
2.11437985 8.63207406
8.26587063 6.12190665
4.66464968 1.62250296
7.27685896 5.08188414
7.49850040 8.79744093
9.77969355 8.70223008
1.10542676 4.23980258
7.56991506 2.54466710
5.68932946 1.48904190
2.79996872 1.16669615
8.14327933 3.01532219
4.10816513 9.35273164
7.33972962 1.28655037
2.48224741 6.59330561
6.19505730 3.14103539
9.40792598 6.52569360
5.82069523 6.30918979
7.57109827 3.80750496
4.58398956 2.88859374
2.67573705 9.49935151
7.65595716 5.41412928
3.04673165 3.28920834
1.52226244 4.90974963
3.80616294 7.26709140
4.39976655 2.61643310
1.22210856 1.60524668
7.11453496 5.08327160
5.82921290 9.07004164
9.91305053 2.95207286
6.96770383 3.36990139
1.18585900 7.82540788
3.88015436 4.45117505
6.29485402 8.47943610
6.66083659 8.85385590
3.46187831 8.18242151
2.67072350 9.57512491
7.18739449 2.93956909
9.52633531 7.57770226
3.28547478 2.91980780
5.66380643 1.23096446
2.86723068 4.82216922
4.36752982 5.17217882
3.49865836 6.28105912
8.77470045 2.05778670
5.65641196 2.18861296
7.45173713 4.56453733
6.08879181 2.64951853
2.30362983 5.39250653
4.20051464 9.46388751
7.88792728 7.73797258
9.13347766 1.75080192
5.96973223 6.26028462
9.65742741 3.62932774
3.16745902 1.90264548
1.14786667 9.36576385
7.02924892 8.06637621
3.53557095 6.27769150
1.57559740 5.37064836
9.79745626 8.88854721
4.04343057 9.65413139
3.08531464 9.54386940
9.47239934 8.19282329
6.67403143 8.86859170
3.63718256 8.64049200
6.56089023 1.11913172
4.12510166 2.33326775
9.83646451 5.30533276
5.47652229 6.75525265
4.31726146 2.23210245
8.39905960 2.70863121
5.60187084 3.01885326
1.88060036 8.75972366
9.75627540 9.64751192
9.15899949 7.96642599
3.99830637 1.72991251
4.66517054 3.09010728
2.19238871 1.48084464
7.53034928 1.10284713
7.93522674 2.32251981
1.71569874 1.80642731
7.04843027 3.20830489
4.78485520 6.01631912
8.74496056 7.54339836
3.43295115 2.18334519
1.49836888 3.71438771
3.35906334 5.10526510
7.14953202 7.26062901
3.55166962 4.41934260
2.63035866 8.09690961
1.51163269 7.27297518
8.00825856 7.99666806
3.33480308 4.36431824
6.28839672 3.45539712
4.33767519 2.77348852
5.13870295 1.40151071
8.19816296 1.69260802
5.66951634 3.76129090
6.19788654 9.63490007
6.81013220 1.31826192
4.87362196 5.59015167
5.82559745 7.13253260
3.49836488 2.15974509
4.53408109 9.60765151
2.68417803 9.13585559
5.89425355 5.11220279
8.93837269 5.12743566
7.51750873 4.59122790
9.13639954 7.21022518
7.29659849 3.94948361
7.81100778 6.72454950
3.16018246 2.44484940
8.16752327 9.63249943
5.12324945 6.31885749
8.71950380 5.11501108
9.56687029 6.18176046
8.38690409 9.17959347
8.33971437 2.43473017
6.66008595 4.58590833
1.56441657 4.81629027
3.32815660 8.64134478
1.29974164 9.63084450
4.19831964 4.21036201
1.14695652 2.66709093
4.61133551 9.36362276
1.89653437 9.50771380
8.82539677 5.08746157
3.94030794 3.09469716
6.53018236 1.29767132
1.14045458 4.85916150
1.61266667 3.26746889
2.99044824 3.27872074
2.17949708 1.10832601
2.03935867 6.56632234
9.76830592 9.91310501
4.68148686 2.46658983
6.74885582 5.41274812
9.90468800 1.58773786
8.04910994 3.59558648
3.17276758 6.96254114
3.21456866 6.99273206
5.65577665 4.81680090
5.99219028 3.58346368
7.35917236 4.73371182
4.24491004 8.45791223
9.32470221 1.41406580
3.09364294 4.13667433
8.33469831 9.86942285
9.72074534 9.14453511
3.66900639 9.92810119
3.24478037 1.95315539
9.55857350 3.10078230
7.20791439 1.52520723
7.57638189 8.93548191
3.45193206 4.41151206
4.36866565 7.73909432
3.14026518 2.54667789
5.04362484 3.74021567
8.55270210 3.13967643
5.52150512 9.48325240
6.70597928 8.80560465
9.46188720 7.75688376
7.29617554 9.71169010
9.94960711 5.06639514
1.63782800 3.63514628
2.37119235 4.75737737
2.18160396 6.43706024
4.44527253 9.05847296
9.71015205 5.92196412
3.47341213 6.33007377
9.07085042 4.66060011
5.96870449 3.44487491
5.09899735 4.61542182
3.23572119 5.55279745
3.79342743 4.35731377
5.72473398 7.75535521
4.00156719 9.31742890
8.76086692 1.43821266
3.28278272 5.01521961
1.94165100 4.13628390
7.66087773 7.12463033
6.60145986 7.39475562
2.84431318 4.07528303
7.08618234 8.91311287
5.89310248 3.54429686
1.27211732 7.39303146
1.07095693 4.35411163
5.77483493 9.29900316
1.80545091 4.65348090
1.21881880 4.08349886
6.60007953 3.51161153
2.88774955 2.04132910
6.19426220 7.25743005
7.04761427 9.53974919
1.02432893 6.82476989
6.40353013 6.29865649
9.66493288 1.15184506
7.26834188 8.32310785
5.58826477 4.00568383
8.11756147 1.87518633
4.97832074 5.67957137
7.24560770 1.81797159
3.04983551 4.69271406
6.60965206 8.98264703
6.56943551 2.20115324
9.82522120 8.84607161
5.52448685 9.30113184
5.87242714 9.30975461
8.46907632 9.71457769
9.27804530 1.32430436
2.57294804 4.50221209
9.56928428 3.70026028
2.44420879 8.97674199
5.01754974 9.17088035
2.44207420 6.95005760
4.96237378 1.68838092
7.26816830 3.22658880
1.35653970 1.53949868
1.54970683 9.16959662
7.65895526 9.08256121
7.05324080 5.76045936
3.74001728 9.98166026
4.25970153 5.23584054
4.40420657 9.81574236
2.57192547 3.95189201
7.12313799 1.56886857
6.46524437 5.29881853
3.55599979 3.14571953
5.63061469 4.31134822
5.10867902 4.03729644
9.73444324 2.20095489
1.87123558 4.09052556
6.31924211 6.93258825
4.57531072 9.99350195
4.16703697 7.49266001
6.73824425 8.31748477
9.78603097 9.00814291
7.88105777 7.28423630
4.01948353 2.32917020
1.56372403 3.17711534
4.89053333 5.69796646
7.95775199 9.62866831
2.05588432 1.96303726
6.30725251 7.70858267
8.63335342 9.42248872
9.85083618 4.59821523
4.42301665 2.33027809
7.16440995 6.91085763
8.75856336 1.87532195
5.47999217 6.22973737
3.17401336 2.52122866
8.73622753 1.52681430
5.23558814 2.04250601
5.11352885 9.81966094
4.81335718 8.71412426
2.05584008 3.44126869
4.63413467 4.59830926
7.04245131 4.10246315
7.42390182 6.75268209
4.59245031 4.88584115
6.53074930 1.63037971
8.40166065 6.88079045
7.53708218 5.83230701
1.99429400 4.64532052
4.64836225 3.88938691
1.26955292 7.63528818
1.98806012 6.45677320
7.32895747 6.71307691
9.63228027 1.92968340
8.80450443 1.26271211
5.81425169 4.63819256
5.71765474 4.28589889
2.71510223 1.17210608
5.66334832 8.58499176
4.35894360 3.00577436
1.72478803 1.76779831
2.99256802 1.90012655
3.38535729 1.59534516
1.59044380 8.70648562
2.45908235 6.03714165
7.96109990 5.10768609
2.38031990 2.79636528
4.89685786 5.75410680
4.14496263 8.03331640
7.75919484 9.34490627
1.26057294 9.06122162
4.53311910 8.90535246
7.21706299 9.88613881
7.83354207 4.28090163
5.50956856 4.38750240
4.28420652 3.34814049
5.46373266 7.13565951
3.49606244 5.71941830
2.05642265 2.43860758
1.42125719 9.73658298
1.03474316 2.60721971
6.51580078 1.73232639
8.93706853 7.47658142
9.69750974 5.56871993
3.70363315 5.94550516
9.37736846 5.68685294
3.40486329 8.89658910
4.34726874 1.01245015
3.22916520 3.86410158
8.72899721 5.12652850
5.00128559 4.02492040
8.92610311 9.50524099
9.92701296 4.39067140
9.69532701 8.12691613
7.08120233 3.20400531
2.94811535 2.49443042
9.30480949 3.64668996
5.07784821 5.44562051
8.00354436 8.59811465
2.25165431 4.84213924
8.58569399 8.36229975
1.92172383 2.40745014
3.73778822 1.67823162
4.82196703 1.96855935
6.11395834 3.21901246
6.36789759 2.05773079
9.78295482 9.39305083
4.52617245 3.17960735
3.25358392 5.35054182
1.35993522 6.75734595
4.67472618 4.39665915
8.28428474 7.38131914
9.58900434 4.16742616
9.07788488 7.92970468
4.21682186 6.59498893
3.59712962 8.86959925
2.01184585 2.91190925
2.64729963 4.62723402
7.70709664 5.74216704
5.38908691 1.00491368
4.82861553 1.57198397
2.87427927 9.39154545
2.93858384 8.72503875
8.22604034 2.43231613
6.45140762 2.04095685
7.55099343 6.73716050
8.30744706 5.31446094
9.23376779 1.44414052
3.63599709 7.43547338
4.76298291 2.55656219
1.96489671 8.35605200
5.25828681 8.94055305
7.59960221 4.68753585
4.36159913 5.64074512
9.00153958 7.63550722
1.04637668 7.24742066
9.27556666 7.39410184
2.59305203 5.35166315
2.26284416 4.23095751
9.43405338 9.30974777
3.54553167 4.05667940
6.40191581 9.66877566
2.33021201 3.31224979
8.86201145 5.42703009
9.09064983 2.66966108
5.79401729 3.93642669
3.84888304 5.02189268
4.89769704 4.21612192
9.23473693 7.58569767
7.54792292 3.60922105
6.19938482 8.01261490
8.16031332 4.10077415
7.93785481 7.62304507
2.27355837 8.79350922
4.97189323 5.37769404
5.03532261 6.11061401
6.59052323 5.48361609
8.80109689 6.64961281
4.61285154 4.75022581
8.29754754 4.13372748
2.90309316 1.53444869
8.88424163 9.26691806
2.08108164 4.01026367
2.57834863 2.04308622
9.09880069 1.51189533
9.82437097 1.86805775
8.77123584 6.09855496
4.31125739 4.08108139
7.81627729 3.83115966
6.91587025 5.65593475
5.36469081 9.11045954
5.99180553 8.44175443
7.53016181 1.34701521
7.95799047 2.95183225
9.12834682 1.38631772
3.99764831 1.89759653
5.28030205 8.38020192
3.68368624 2.35841408
3.97240332 8.32492128
2.26345562 3.04626204
1.61966768 7.35139040
4.55709919 3.79755979
7.46763751 4.02379788
7.54994146 8.33679456
2.95896559 9.76436827
2.46122153 3.61756816
2.61815762 4.10955091
5.32054799 5.69958282
8.68245438 9.00503118
2.98093475 6.60604629
2.00346452 5.13072874
3.90100184 3.84850671
5.34325818 7.56844872
1.62264393 8.91256004
7.61332397 2.58849450
9.45244818 5.55681002
9.99827720 2.77533527
5.81417379 3.61223238
3.73756202 6.31958843
9.29547160 8.24737470
7.51547259 6.03256404
9.30068653 5.43125266
8.86448961 8.50583479
2.92451812 7.94102917
1.10954041 3.90546584
3.06610700 5.56176663
7.63167846 1.87908731
5.63429982 9.44570820
3.05781896 7.09427030
6.33592244 1.09057326
5.28243576 7.37893352
1.39577889 8.91569335
5.68073275 1.27594943
3.01972251 9.58308127
6.24087760 1.96725311
3.58790052 5.11033263
1.18855062 4.70453962
5.40512772 3.19310088
6.29775100 7.77916108
3.12250802 6.58449910
6.75660019 9.53686271
8.00448551 8.63510743
5.41377918 2.66813728
9.96233764 2.16420185
5.24311587 1.61283789
9.49465772 9.68432447
7.47450156 4.14993559
3.28944161 3.38772992
2.14564623 5.73228058
2.27635548 3.85057600
6.64035828 7.54789249
1.21845434 4.87104386
6.86912135 8.67921379
5.27792304 9.72285285
3.39069293 1.12157836
5.35377578 3.30502416
8.41345905 3.09495405
3.79566296 8.12104688
7.43628927 6.02246113
7.34453256 4.76773177
1.04779043 1.10219616
5.60099609 1.74961882
1.45967932 9.68964975
8.73102376 2.36824504
1.00597797 9.47501016
3.50492768 2.67307843
7.22357297 1.98013365
3.38184638 9.77585212
6.75516497 5.68610012
4.58126753 7.97050859
2.26861729 9.70604022
8.75010707 6.55891284
1.38615571 7.30770085
9.21955907 5.72119361
4.18802340 2.08249610
7.79410994 8.96519666
1.90226570 7.83086099
1.15354438 9.70349426
6.53552219 5.97195153
3.66354850 9.36362504
3.39315065 8.45331952
9.86597811 8.05056981
5.67090928 1.59466837
5.25172410 4.94430352
2.82516437 4.81228873
4.21982096 2.47315835
4.97236729 3.36519961
5.69856179 1.31644054
9.15608278 8.34727875
5.97323199 8.66627724
9.66155566 1.99470065
6.67748628 9.98194601
9.89100252 6.42990693
2.15218783 6.24873548
1.01858172 2.79020201
9.60510844 3.97396515
6.74551095 3.52773545
9.53039698 7.55702857
3.96686042 8.12585279
1.97348972 4.53087046
2.99096315 7.15353803
1.92201654 4.57323249
3.48984757 5.55708627
4.14907912 7.35769520
1.22119322 6.70588229
3.07514161 3.41838126
8.20230043 9.60011555
3.84895189 8.44124743
1.93591754 6.70583488
7.75929070 2.40380135
4.83402149 9.03436448
1.93220617 1.16286722
6.31526841 4.91978386
8.18820324 9.31109984
3.69238280 4.49563705
5.37644878 6.29336314
9.85468447 7.27597226
4.50593657 3.37390918
9.50163147 2.21993590
7.48239267 9.32855523
6.98199028 4.80748996
2.79091846 4.30727790
7.36184628 6.84580802
9.35178550 8.80174822
8.34535677 9.20305788
3.48703437 4.32571186
4.41904513 6.04405530
7.01396407 3.58045015
1.17516221 4.59300145
3.77675164 9.47966247
8.99438536 8.74279611
6.87699785 4.09860248
5.93964341 8.33702537
1.88749332 8.20967392
1.37061812 8.34778928
8.26807424 1.45906578
6.64444640 5.52207767
2.52837553 2.33541044
7.95933213 6.10923474
9.84699221 9.84023000
9.93400294 2.06753967
9.44430523 3.20112648
5.12391034 7.81665900
2.83258839 6.09680445
2.67235073 1.94262496
2.04902751 4.21875131
1.04189353 4.82368529
6.97777395 4.61519367
1.77215140 1.56419976
3.50304861 2.52381421
9.68585476 2.36107202
8.24916194 6.27497148
6.12358228 5.60872644
9.74586769 4.27460298
8.09124176 5.99764697
4.56070301 9.59919340
6.38484372 2.07025248
4.75785281 8.03423555
7.24372321 9.24706297
3.33439646 7.82374345
5.13887687 6.16248772
9.59542013 9.81357688
8.75431868 4.23187379
8.98930752 6.74748260
4.86997102 1.32168414
7.93115312 5.51895023
8.07569650 7.73220519
8.14210631 3.70586043
8.20718739 5.93961696
5.25993580 7.07613322
1.19222815 1.92085134
3.62959629 9.84691099
2.25771201 3.97536671
1.45947758 3.98141992
3.88293658 9.52126454
8.60638678 4.44487797
1.22292152 8.47928003
6.94482559 2.37128035
9.96464144 1.90210094
8.80403087 3.64839548
4.91818120 8.15910874
7.09757520 9.44077937
6.59026293 1.88029145
8.95924327 7.92239972
7.40683406 1.48360193
4.56600470 2.50692238
8.39713518 7.30475761
8.94769838 9.69917596
7.97272853 9.94809775
6.53292898 1.33416644
1.12826364 4.07893488
8.41124547 8.79521236
9.64731276 1.58609322
1.40114000 9.21955237
3.74542029 6.02188661
9.84200395 4.60403681
6.99284258 4.60791607
7.91375198 5.74943253
3.13770824 3.44175491
3.32253291 5.79088295
7.32870114 9.54351910
7.24678638 8.03073560
2.52033504 4.36656363
4.72402198 7.17742207
3.66302779 3.72962729
4.20300239 8.29271873
6.19831081 1.67749552
1.70421490 4.34158250
7.89931946 7.19815084
7.37184119 7.90489059
3.58437442 5.93430654
5.89017376 7.65669251
9.61183512 3.50190950
8.13953505 6.93973494
6.22214084 7.97391801
9.49629220 1.33022276
2.32660092 7.80658508
1.75412218 5.64511331
2.97874699 3.46866133
7.31656435 1.27173496
8.85987485 5.00031060
5.52153965 5.86043167
6.80989865 4.10370928
1.90996742 3.86541043
2.51327906 6.00519862
3.86225768 9.62260460
9.69160850 6.58113293
6.55747541 9.86840708
8.98554836 7.88562954
3.82231551 4.28985125
2.81140089 5.38433314
9.91331670 9.20935858
2.06514491 1.22671260
9.08773902 5.83453115
2.80170899 7.06287943
6.79800860 2.09877046
3.33640210 1.54070168
2.88874426 2.19075107
2.73912663 7.16920431
1.44549770 1.91669154
2.20756274 3.84887009
3.68875280 3.29557407
7.75482988 9.98220509
5.80580131 9.49782446
4.56949101 1.96014202
4.67896447 3.66514996
5.44066266 6.91339309
5.14945197 9.41644461
8.96288340 7.31779836
5.40716421 2.18518554
4.57312300 7.33961385
3.56396968 1.93589270
9.17108612 7.38145729
6.53748784 8.13249015
8.52081434 5.35113098
8.93069426 9.24777110
3.44395986 6.46790824
5.73925626 5.84151201
9.43896785 3.74669832
9.85090580 9.11918093
5.12850600 8.35707937
7.92142295 7.10105473
3.87850500 2.76805893
7.04374927 8.58675967
1.14627510 6.78523038
4.98585722 9.08278980
3.89325638 5.26766331
5.63290394 2.26395569
7.41603072 8.47428711
1.52118349 3.62249938
1.34240213 9.60889694
7.00451939 9.67780378
5.78344850 8.21861672
4.36972585 4.18437129
4.40441035 6.92075920
4.23507836 9.10330706
9.84947379 1.27383864
2.74260961 2.01024993
1.38127642 3.04966894
5.02113988 8.53291329
2.99641627 5.44550730
9.36656866 7.00493236
8.18271118 5.95894573
9.82419813 6.29795939
1.40959643 2.78184520
4.64296266 6.41149455
7.94737781 4.71777513
7.39052475 8.10882553
3.85534178 9.81343216
6.84690846 8.92898255
6.00343920 7.67442796
7.93489655 9.17423541
2.35314781 6.02455082
4.85540662 9.30843119
1.94585225 9.84316500
8.87906192 1.66443653
5.41869747 7.45803550
7.64336391 9.15844713
8.19878892 3.79837342
5.48591307 7.31607187
2.24593157 2.74591718
5.32938203 3.68421219
8.76303325 6.27649589
4.13798678 8.63949723
8.24390604 9.98519389
8.62576920 4.73010881
2.14748994 8.56576817
1.53782126 4.15244087
9.27764183 9.64689826
6.76508134 7.19783485
1.38209040 5.63032307
5.92181361 4.06090672
1.61737151 3.06016840
4.22185543 4.91627788
6.31834053 7.50152367
3.85868686 3.96058384
1.17722478 1.36787374
3.32039525 7.66220498
6.65482447 7.92810119
7.92027493 8.70910721
7.48287339 9.81109827
9.08942697 6.28045450
6.29341903 1.30840336
9.98673920 2.18418398
7.66312477 8.38913676
4.35749076 2.77166849
1.88883898 7.73745405
5.07388176 7.42345983
9.23866884 2.31925363
9.27253901 4.70463814
3.74740309 9.48756035
9.91586523 2.79002996
6.91154512 1.95845782
6.85822603 8.44581905
7.16048692 4.75599828
4.44759724 4.53810174
6.30740636 8.93410543
9.36159542 1.48176658
2.63460155 2.01001884
2.74001177 4.11947030
5.55878514 6.66515104
7.58927997 9.01100387
9.90179594 6.96570831
8.60828067 8.00234962
3.76778835 8.88123043
1.38486824 1.00330609
3.46359366 5.15887777
6.74526606 1.91593240
7.05709120 8.21634280
2.66781628 4.73612729
5.67986491 5.06626316
8.19846938 9.64470158
8.19057848 1.70193536
8.24442015 1.59936699
3.12373347 2.37787207
2.77767196 5.75483614
7.04520872 5.23289154
9.63726075 3.16263088
7.86826207 8.83163961
6.05859500 5.10600252
6.36566002 4.85928793
5.99674494 4.75240557
4.60422739 7.25811821
1.83566092 2.49887865
8.66078625 7.93969612
3.53308355 4.39542039
9.33423856 8.36269503
6.52911670 2.99341161
1.39826774 4.88132062
7.05364425 8.45632441
8.67420105 1.29498311
3.19741330 4.05185130
2.69858990 8.22677841
7.90719187 5.65149736
9.84633830 2.29652687
9.09686533 2.04816929
2.46863535 7.26597280
1.98612723 6.09260586
4.78210183 7.55626569
9.10607715 7.92884363
8.64720889 1.29650904
3.79175948 5.63889778
4.74357983 3.08129458
3.77086688 9.50887873
3.64762792 4.18513699
1.03338796 8.60569865
2.39356633 2.83729848
3.29738065 8.96159851
2.85806270 8.17773725
8.27244406 9.34318512
2.04005182 2.95551075
7.68608463 2.76400679
3.57696592 2.50067422
2.55427018 5.33398019
1.98714756 3.89527857
4.83934519 1.22093305
4.49499850 1.84710192
5.44220678 8.43164370
8.36579946 1.72403664
6.41104982 8.51127744
3.14175289 7.85733860
9.01687912 8.25511736
1.96570928 1.08154000
2.72551699 3.43429607
6.54564692 4.45845858
7.33066328 4.17767464
2.38982882 3.81420859
8.95891804 9.62679110
2.86761461 8.09621548
3.46013863 8.98418389
2.48991052 6.99363927
1.75790138 9.76503992
7.30570010 8.57634165
6.10002405 5.29121228
6.59694152 5.75867361
5.22445920 7.83505226
2.60380859 2.54054843
4.88658386 3.88673124
1.66712066 8.60023443
7.94442526 5.89529350
9.81392084 1.65340060
7.90002371 3.39733352
4.31739028 2.97351447
8.10134102 2.29816092
8.56015028 6.95419883
1.53120921 8.29883558
6.64980145 9.14484088
7.73850076 6.05008835
8.52892463 3.50245214
5.92255056 3.64255138
9.71383952 3.03576671
1.14164416 3.93269358
5.52258457 1.25526641
6.03323470 8.86854497
7.34258975 6.60671491
9.60365576 9.62451400
8.41839823 6.46967663
5.38988104 1.11984502
6.45635716 9.90179268
8.36290945 4.06544179
2.36842323 8.05652753
7.69544039 9.70342113
8.87358126 6.00096363
1.91155822 5.35150593
3.82325549 5.61167634
3.71531417 8.75640693
8.59894313 3.83918641
6.39623212 4.87162772
9.18183481 2.68624811
7.27955562 9.73337795
2.57747968 2.81769786
7.24351005 8.01238532
5.41494149 6.48717819
2.91414168 5.28952806
2.00864693 3.89279733
3.56301735 5.00162824
9.37113726 2.63140896
4.61249422 6.54037497
9.51901377 2.19833372
9.26088955 1.72948410
5.32667257 5.09130881
2.88642456 4.12713701
5.08748742 8.78690317
9.59557731 5.67033111
8.83089811 6.47354427
4.14178608 2.74774787
4.71821295 5.70541855
1.39999049 2.31257049
6.40165982 3.02501435
8.53593738 3.94248025
1.94350787 1.75177530
9.43410718 2.06218280
2.26818788 8.76399452
3.28859317 6.99356270
8.35053118 6.46462576
9.61739689 7.37994609
2.01476359 6.02569024
7.46367873 8.21761516
1.23689202 7.46991024
8.43112739 7.72150430
5.61114231 5.12218867
5.94476725 7.34179329
9.30622862 6.55331690
8.99050876 7.31131163
1.61502740 5.50745371
3.57837713 3.56657435
4.20334796 3.83259495
6.20748982 7.15241350
3.41874448 2.16786360
1.52927849 6.18177561
2.67517150 1.08323195
9.34977771 5.83426377
1.83203362 8.58629001
9.84882464 5.03740596
1.38240647 2.05791347
4.43488372 8.96970374
2.33234811 8.41591085
1.13478634 5.11649829
6.79957427 1.54341534
6.53286476 9.49963709
2.44233928 7.56650245
6.48184508 2.66604750
1.05583073 1.08356005
5.78883168 9.48501469
6.79868765 7.42869862
5.44478938 6.23700048
2.13730773 8.89138558
7.84713366 9.98379058
3.67950653 3.04315995
2.12645492 9.67788781
8.02796666 2.49692152
5.97417824 4.72391387
2.36337407 2.45865687
9.67122995 3.74467765
9.47295363 1.68049606
5.14722738 2.16657144
1.04308647 5.98389466
2.02504694 7.49822078
7.28304738 2.58699617
9.47567929 7.48939068
3.68173238 7.38310388
7.58737250 4.08003698
4.38029706 4.23195857
6.54956599 9.10369132
2.55873913 8.87679649
1.24887841 6.94304736
4.72994986 8.12153397
7.49078302 5.32097026
6.79477633 5.51595818
8.30366624 5.28475587
5.70840391 3.25468528
6.44538715 3.72614328
6.19555613 2.52710304
2.43522183 4.75326767
4.84137564 3.41298338
2.18437165 1.35289485
1.22708645 3.44395261
5.15668098 7.53618953
5.27384531 9.13645737
1.31697824 2.62594559
4.04663043 6.19746569
8.67462542 4.15181757
3.41189814 1.55700252
8.39173130 4.41699799
6.14395176 9.85199876
1.01435114 2.30905127
8.01199895 8.24614737
7.92322407 5.83299002
9.80971283 4.56566104
6.41749328 1.57032104
4.68871705 7.50250079
3.14864957 9.49444830
7.18105031 3.58817845
7.92099030 1.74848295
9.77296980 1.44356733
9.40110302 3.27568490
7.82041697 1.00066329
3.28816080 7.74190546
5.79102464 2.03456935
4.54266771 4.37994420
6.11346020 7.01179365
8.56747218 5.47508257
4.52819546 2.29578881
8.24340668 7.42033365
4.67809658 5.66589079
6.98664560 2.48325031
1.24478015 3.85753329
6.36026518 5.37945482
7.23299164 8.37720825
5.39598220 2.20840321
8.65565200 6.17491295
7.65943733 7.34198188
9.71390594 3.65776590
7.34776096 4.29108700
4.55869649 3.07535173
4.09609158 9.53467076
3.63313762 3.21391545
6.24824181 3.32232361
5.26047153 8.50758631
3.07360283 4.84022271
6.49440762 5.91066032
9.77250914 7.12333229
7.65951618 9.70260353
4.72994223 4.19841834
1.39476187 2.65783876
3.13470669 2.65154020
7.79305504 5.82294683
7.00870421 8.38415945
3.07696547 3.93331546
7.37524240 4.53483051
1.26343846 4.91459697
9.17445778 4.68119360
3.99024025 9.90572575
6.79974008 4.29398224
1.91817578 8.09064500
7.37267440 9.29724219
2.95548067 2.03431915
7.51665274 2.83056258
2.58493454 3.87826602
8.35142627 5.85582945
1.41265320 5.17505207
7.15581650 5.84531595
6.15205196 3.02299596
8.62965398 6.05258846
7.41921412 9.83677795
4.85378792 8.92959951
1.06552913 1.30066563
6.31251930 3.80304456
3.23448910 3.50141821
3.86562641 7.56052927
6.12276375 8.10132375
8.47176922 8.58641373
4.73179734 4.79146057
9.33639292 6.95587235
1.72420466 5.87968259
4.20406534 9.88691491
1.12289866 6.50962786
7.51260785 3.60016094
9.76277366 8.73582964
9.24087557 1.17308853
6.12884936 3.65185218
8.64125771 6.69564691
5.84989304 2.03129353
5.86200524 6.68713732
9.60321078 6.26545909
9.70660542 9.65445504
6.85180302 5.55317186
5.19419569 9.01340705
1.25431015 2.02427378
1.91864556 7.81241793
4.05685921 6.74171690
6.43404613 4.47245173
5.78410950 6.80624680
9.46855297 6.18070666
6.52930761 1.61070236
9.56994233 5.75273735
8.21146078 1.45261957
4.78819122 3.31277913
3.40278309 8.12308357
6.61480053 4.95770781
1.09527166 9.68435149
9.65820928 2.95796989
1.37211735 5.77179427
9.56269733 9.19356261
6.26196578 3.73193966
3.96964795 9.08122196
5.42605632 2.18004606
3.23582928 3.49115411
2.11192016 5.16739943
9.24445817 7.01904289
1.65226532 1.04945336
3.48622901 4.26423641
7.99074702 9.70304972
4.48810456 7.18021027
9.95411717 7.71099925
6.72570594 1.70267369
3.90893681 9.22052943
2.80904934 8.59231323
7.26691317 4.29691934
5.76256843 5.88525822
7.42648407 5.64900347
2.19768391 7.96109204
4.65645247 9.66784501
3.55162404 3.36770902
4.00156656 6.15085314
9.05382766 2.58653476
3.51710918 6.23511859
5.08900818 5.02590599
8.38660836 9.31490472
5.33176269 7.18616616
8.20952840 5.66529769
3.64884768 6.74276138
6.26598190 9.11406538
1.47166333 9.19118248
5.80988825 1.14108504
4.10231961 7.51900207
5.39589779 9.82143134
4.80349066 3.93971707
8.39504741 5.93116029
7.14093921 8.25132104
7.04284792 4.80166745
2.12316803 6.22223350
9.07689994 4.77003184
9.19652711 5.53175038
6.58757406 8.49689628
6.08137399 1.81872405
9.82881461 3.21264372
7.39454796 5.54602095
5.30895373 3.19546737
7.49935689 2.01509438
9.91407978 8.60836183
5.81058046 4.82097660
3.57818169 5.51432324
8.91475716 3.47505761
5.50483713 3.11094912
4.03434202 2.71234458
9.91485275 6.14347702
7.59533612 1.88424922
4.29505795 9.03375823
1.75994494 2.48934906
6.62875849 6.60510095
8.54404340 9.41943487
2.27787828 3.33436437
4.84715265 1.00812957
1.62832873 3.03842150
5.32991768 3.26370464
8.89013703 3.91845588
9.32160531 9.77308535
5.04875381 3.04415935
3.62499520 7.98700313
3.46014737 4.42524581
5.30718273 6.17600005
9.96490396 3.08988780
4.18081333 3.36602059
4.25002093 1.90724065
4.23828791 8.99078528
3.68730863 4.34741302
9.50026748 7.55541097
5.65064843 7.99473456
2.10861684 5.18041318
2.06412516 3.10256331
2.27680534 4.25621115
4.43475388 9.52577724
3.37713158 5.25185961
8.30241464 8.34055828
7.75308868 3.59050386
5.45474457 2.67590436
2.69559571 4.92257092
7.64732999 5.73925834
8.98014899 8.47817918
1.28444899 6.11577139
6.48245138 9.65417630
1.20912964 5.77993394
2.84303226 1.48296616
6.28739672 7.95343729
7.97378904 1.27259569
4.66251760 1.40058664
3.23054782 2.73592632
2.93664321 4.05206573
3.49676238 9.66051920
4.17166408 9.04755264
2.62937504 7.87372180
1.55210982 5.16485107
1.04959396 8.29261687
9.55437432 1.31596634
9.40461725 7.96468502
4.22975421 9.17988896
3.66631544 4.68365781
1.87040136 6.91245066
1.26640746 5.36414748
7.14872665 8.39113841
2.34947251 7.78681330
7.47169321 6.03613481
6.26180138 1.82143649
6.40423939 4.43369986
8.80822766 3.81788994
6.18935570 4.83914260
8.88635744 3.28525000
1.70922124 7.73790149
4.71606955 6.30188523
1.23750399 9.56898812
8.89856540 6.61481111
1.15326858 4.40178827
9.80916884 7.13197323
2.44889075 5.14537074
9.70063969 5.81237357
1.22153075 6.57794876
3.44094878 1.88961357
4.62617600 6.02670788
1.15336646 6.03142128
5.60082832 8.14517545
4.81194835 5.98105387
7.67808374 9.07431285
4.42031118 6.41470146
7.25149813 1.38943609
8.20684458 4.39687167
7.03215047 5.24497660
7.32105228 7.51897881
2.72413912 6.95956811
8.66191094 3.12010480
7.82365123 6.70442602
9.59613431 3.34221920
2.38850000 3.80908914
3.32162900 7.81149484
7.59798373 7.02716411
2.94741203 8.75626127
9.60914400 5.78445236
6.84435458 5.50622889
3.55201944 3.57532844
3.82078470 2.71765004
9.11731269 8.72558321
5.15475425 4.30526271
9.45170521 3.00136122
5.98187764 1.49048340
2.72081977 6.43624240
6.95965288 6.22896237
8.82641274 9.94064699
7.87475658 5.18582606
8.50541203 2.08348655
7.14943627 5.66504009
2.60259298 9.75640256
4.04593678 6.53881065
8.90734814 5.56019960
2.03624065 8.36865176
4.17892390 9.84760182
8.95442902 8.68104400
4.20627860 7.81416800
9.87696157 5.73689451
5.23658939 1.13199239
7.30183392 8.72629812
3.22711467 3.83522119
5.50609319 1.64872142
1.80678228 4.78999683
3.35097057 4.65433572
5.08947668 9.78646057
9.49833838 2.25757136
8.94327376 1.72185996
5.56871923 2.47518910
4.29302931 7.69006203
4.82054931 8.26256159
7.46934140 9.48555502
5.80740419 8.21933159
3.90616396 4.11171261
4.60459417 4.69824161
1.92927899 5.67189045
1.87122897 9.00785922
1.55660305 5.04724987
3.56224660 2.39382474
8.05453022 7.43439159
2.31353101 6.69489077
8.13299651 7.95998998
1.83051638 7.16961447
7.44421529 8.75949640
5.57239905 5.14984600
9.68604692 8.16861030
6.02857892 3.97555364
8.60714196 5.09892751
1.83416673 5.09413845
8.84771557 5.03453932
1.12914233 6.50336792
9.96247003 8.35523726
6.55514152 9.22958998
8.32223513 5.48775417
6.32098257 7.58163528
8.61783548 1.52358762
7.97323471 5.02753096
6.94718704 7.88169710
5.85551733 2.42663366
4.68574148 1.69185694
7.20370622 9.58335564
8.15727531 4.50807781
6.25862346 3.73780608
5.86941040 3.70654215
7.64492281 3.33407357
9.67618351 6.95753859
1.61900063 1.09699987
9.97341710 2.98455020
3.81306474 2.87572613
9.35291595 6.86811574
5.53947691 6.01885733
3.86085563 6.52757502
4.77640327 2.79305332
6.90944590 4.36456512
8.06559741 4.73855462
5.57444238 8.08719831
5.03090284 9.69599022
8.13725800 8.43787365
9.58528420 4.49965566
6.22072238 7.24232567
7.06112635 9.57643115
3.59513770 3.62225376
9.26203962 8.19375078
2.83020962 6.13042190
7.71187361 4.17732751
4.90944026 6.17856950
5.20397702 7.77738151
1.05344878 4.91169272
4.03823238 6.48247648
7.98362598 1.68530646
2.42253760 6.98573462
7.64562197 6.29381599
9.84523014 5.49515340
2.22663102 7.17661954
6.41867970 6.31379328
5.91268272 9.45186139
2.16240757 1.65877569
2.38705452 3.20491189
6.33651687 6.51182724
3.09341690 5.40302949
5.33855667 5.07799690
8.23190765 5.24523763
7.82528946 2.49833019
5.78770610 8.41694298
2.59944926 5.18429952
6.48171384 2.66297117
7.81089045 1.71096623
9.51773958 5.21399345
4.02510778 2.05126306
4.89336979 6.93823626
1.85038551 3.75642186
8.52415824 6.81562923
2.85735711 2.44818816
9.14036524 3.58318199
2.61550152 9.99967617
3.78272645 2.12266169
5.15581867 4.90910599
9.34122228 2.20784453
1.82022766 1.83680804
9.13858719 5.04432260
2.35545875 6.34447089
5.83861020 2.78566073
6.42734325 4.06208111
3.14533691 5.59360550
3.62484335 2.99925930
8.91750167 2.40186319
3.52530980 4.47524542
3.46274479 2.89639578
7.94031487 3.96114543
2.01261662 5.86805646
2.12939648 4.21767647
8.93644086 4.32245076
6.69258077 5.63162982
2.23952361 6.84162638
8.70431497 1.83891227
7.78312080 7.21190153
8.79994517 1.93682739
3.75125841 7.24862339
1.19816181 7.60668110
8.72180721 5.07973647
4.90896913 3.50622066
1.04546683 2.67673165
9.81877707 8.80557469
3.39854175 9.67373971
4.30941354 3.67826837
2.37526872 9.11449963
9.88293242 3.94670264
7.33087381 4.01773069
1.94491665 4.53423076
5.96412965 2.10715083
8.36445497 5.47626805
3.10944657 6.33483621
8.13933375 3.94861914
7.31328692 4.85073262
9.67646052 7.93846078
4.20715812 1.15973163
6.91767906 2.78084943
2.09691258 9.38598806
9.99954073 3.42899939
3.71591697 2.48490045
5.11916298 8.79259384
7.31355357 8.61698402
3.05633490 7.57410461
9.26673966 3.53274503
7.21588189 4.60591671
3.61203981 9.72661122
4.13769907 1.97064713
4.49730289 5.02910462
7.76989743 9.54922840
8.35351285 9.37847180
5.27554117 7.47384911
3.78144627 1.62628398
4.28926173 7.28123705
3.47159899 8.75265306
8.11695565 2.74638294
3.97753086 8.42772356
3.19544011 3.98441931
4.08760239 8.20937825
1.33327239 1.66408285
6.20606393 4.57400792
6.69596788 3.39815149
9.18624410 7.84847698
1.60971598 8.05514930
9.72624135 9.48192059
7.61935418 2.11234378
6.18469089 3.55809456
9.73191649 7.45737153
6.49689031 7.25579238
4.94181216 4.35463076
9.42219621 3.98734421
1.37292519 4.60756139
8.11306317 6.83621522
9.65953698 1.95581681
9.20391672 4.31964275
5.26602327 4.85633939
2.04807053 3.23016810
7.68044412 1.20706788
2.20498997 1.22689152
8.71649252 6.55592345
2.52935796 7.91895001
9.70120538 9.41104337
9.29392793 1.07029194
6.30112140 3.30969355
6.08182493 3.86227260
2.38299888 5.00044351
5.45586694 9.90788956
1.38149096 3.71039679
8.66704461 6.93725948
8.44014729 6.94261827
7.83582678 5.43629575
2.84389924 8.29003475
6.11038589 2.25554674
8.24404624 9.62727319
4.11547485 3.64161027
1.73597660 6.98042104
9.63065457 2.22393421
5.36643668 1.88414366
1.30698913 6.98050946
8.80918458 4.03813483
8.88188657 2.05347789
3.14164614 9.11446054
5.57658904 6.47373145
1.34216409 2.15550919
1.50211731 9.14500666
2.21315467 8.64705544
4.15931229 8.20537747
4.28539193 3.40915636
1.84294631 3.52635932
5.24331745 8.35757919
5.07263459 9.74292017
5.87469710 1.22451067
4.73830570 7.20009197
3.10862482 7.28766956
5.53327575 1.23163998
7.96917655 6.04336333
1.74244153 5.27692630
3.58563594 8.91713388
3.56434348 9.47518364
5.91519474 3.91252339
8.32190516 7.27660341
4.72566246 6.66656472
8.00725838 8.66402015
8.34771442 2.49469380
8.45550597 1.52766153
2.80153613 6.60634048
2.03223273 6.43012836
3.77169122 4.86519927
3.83636353 1.63156211
5.50682878 9.67239500
6.50605013 3.70028684
9.60534851 4.50313527
7.27765960 6.70701524
9.57619763 9.23142425
2.33203651 1.77117287
8.28678095 9.14448892
5.43676244 7.21685146
1.62809452 2.97823958
2.34438575 6.41044525
2.77785904 1.53861684
3.71986554 7.09491186
6.20077352 3.97652469
8.50130988 3.48642197
3.34492875 6.03952670
5.30394076 5.01375395
2.40207057 5.54181572
3.33117026 4.52961894
7.60213403 9.43176543
7.96476669 4.65070505
6.33729825 7.71848034
4.72798945 4.24223343
2.21718966 7.62634721
8.54657732 3.84925970
8.05156989 6.49191753
8.05674742 4.70203645
7.72818727 4.67658206
1.79882187 5.95521026
5.08895854 3.27591898
9.02902001 4.44567975
1.35213500 4.43922166
4.82058827 8.75473951
8.19264887 2.79969927
8.55126303 3.23134505
4.07740733 1.69136609
1.49820682 7.12774109
9.31006976 5.43715169
8.59684341 8.14376125
6.98210851 9.80406038
8.21969129 3.47359955
8.10112822 7.23395482
4.59568402 1.69117723
2.92923577 8.17514102
3.23636759 9.98072185
7.24589326 5.29500233
6.13393021 6.49785451
9.72050338 2.45567075
3.45156222 7.38631943
3.15872185 8.84167446
4.11880758 2.62755460
1.42858685 6.36035536
8.42753971 3.46413800
9.25785538 7.81960843
1.55170614 6.15369697
6.10696846 2.82135074
4.01089941 5.12451004
1.43270039 2.34798768
2.47603950 4.41312179
7.72621713 8.48173293
2.46564141 7.76715432
7.03638963 9.01618653
9.71912129 2.12014548
1.72606475 8.19757116
2.45953786 2.75117072
8.93832330 9.45068407
3.86624120 8.57951290
8.72971219 6.44851432
6.09479603 6.18254568
3.71160269 6.56980335
3.19222244 2.59869061
4.71655409 7.35202381
6.59284919 9.68393871
6.81810320 2.27182645
2.45096392 1.83760426
2.72056388 6.38155811
8.54457828 9.04480887
4.60039498 6.02724726
8.28279633 3.80863469
6.36102104 2.56674260
5.28886306 2.55765034
5.16183751 4.57137723
4.89938341 3.19341003
2.22439008 3.48098795
3.15622035 7.60866582
7.45277566 6.26034694
1.82200418 6.09635669
1.71313323 1.16355717
4.17336504 3.16490427
6.35182913 9.35778239
7.47866825 7.90624776
9.55803799 6.70681973
6.19957847 6.41681178
8.79224731 4.49289132
8.15802603 6.87031241
3.74114396 1.12319570
2.88927991 7.29989888
6.21721279 3.47135230
4.90872224 6.95033889
2.14377526 4.89051623
4.74961793 5.88340918
5.69722312 4.30954017
7.86460266 1.60506136
1.31984625 4.78233406
9.07024825 3.49812415
2.55078392 9.35387555
2.51400929 4.37356483
7.56113959 3.34831608
3.06864575 4.57900511
8.08628333 9.19885018
1.28163275 2.48597315
9.62741160 6.33512162
5.96269242 8.32189311
1.35804968 1.12452626
9.70744645 8.45713617
7.72643603 2.40130693
5.28943531 9.43564185
9.40239636 1.08322396
7.77242268 1.05613990
9.85871555 4.75270482
9.76166882 4.30972128
3.63868562 3.84662767
7.57611160 2.79705551
8.77651923 6.31515424
9.72919923 9.88376413
2.66663801 9.60203848
1.41884638 1.25077352
9.49478120 9.66157064
2.32522905 4.98174234
5.44683275 8.74253113
6.65125519 7.97109782
5.36587161 6.83572332
7.61868424 7.64093156
1.01564044 1.89917266
4.27294397 1.55077702
4.44690732 4.50610164
9.28210184 6.10364669
7.35716152 8.98478814
4.97916389 1.01765930
3.56802422 8.32742830
9.11657053 4.16358623
3.64592128 9.32054690
4.15966362 6.87020669
3.52278312 1.88126919
5.51112681 9.30908653
6.56776679 2.87943962
7.14186616 7.91525030
3.88684506 6.03288461
7.13757818 2.44317831
9.67690846 5.06126765
9.81697951 2.70616479
5.35396192 2.49268288
1.09162740 3.14087655
4.62868603 4.88017664
8.97854640 6.72109537
4.90997490 9.89197930
6.52801898 3.90396668
7.22179793 5.46129930
8.93050925 9.06860136
4.30615360 6.06105146
3.39196100 6.63973077
9.93112266 8.49329666
4.29768910 1.85842317
9.70013789 4.50626301
3.64042804 3.84701854
5.40931030 9.61076259
9.87960089 3.66514055
4.16321837 5.60625904
1.07368560 2.57352907
9.42453118 1.26491713
1.90878652 4.78582315
7.58305224 3.41990407
3.75369031 3.74925682
8.85341734 3.03487846
6.06161643 9.99938032
7.55618945 4.02715590
7.88913073 9.58524137
4.36184026 7.37210116
1.68223837 9.05767153
1.86631052 4.35632587
5.88255259 3.37219878
6.84342393 5.98985855
7.45466716 4.18725429
5.91412501 8.30966860
8.29626711 7.42815977
5.87742301 7.05934991
1.78192261 5.24185481
8.74129150 6.46628340
9.47514795 3.35960669
1.86671622 6.63952092
1.81833337 8.03921827
3.31068167 5.84876673
8.30239336 8.09231832
5.46377524 9.78261772
5.47869841 3.50912275
3.72188120 7.69278451
4.93396335 4.76909636
1.18437936 3.74750344
8.74344772 8.23154048
7.71859774 1.20815548
1.24291262 3.80318463
5.27007945 9.18767141
4.46166834 3.59672503
6.14037671 9.23224870
7.64774840 8.70999654
2.63977880 2.13098001
5.89664020 7.27633743
9.59489243 4.34380968
4.11901167 5.64268868
7.16444143 6.09421399
7.50727624 4.42283443
8.75977867 2.64678034
3.84314179 7.96309897
4.02105029 7.01339142
3.59017848 2.68393908
3.70659308 8.98293967
5.14794816 3.02873638
3.89294730 1.02493861
7.80227459 3.03109707
6.38128936 1.22598584
8.51048589 2.68700278
1.04291540 3.71069028
9.28438407 3.36352796
5.53130954 4.66506860
3.64824332 9.34618221
8.10095417 7.85721984
5.73496412 8.42375506
5.12585792 5.18670595
5.44396657 3.13219203
9.31286673 3.32875607
2.78343550 3.19376614
8.35616905 7.91691074
4.84396128 1.12403714
9.78161530 2.19277880
8.66280409 8.03550778
9.44268204 7.96058685
3.98234432 3.08722639
4.39921738 2.82778453
7.47617273 8.43866769
6.81795003 2.67483458
1.33646240 6.22361140
5.16405795 2.79733535
4.31275512 5.87319630
6.69625401 5.28979400
9.74253540 1.41603760
6.92387122 9.18602112
3.12907790 2.92336469
7.86009527 5.37736415
9.92959756 6.30211258
9.31097740 1.10989468
2.39085658 7.15977140
4.74819733 8.52368112
4.86008283 7.41697027
6.09544015 2.07913211
7.46156086 7.35734621
2.04146336 6.05720312
4.02085016 5.12964804
4.80482824 1.94296964
2.42220688 1.78127755
2.73202312 8.67199948
1.22070384 4.88455525
8.20842750 1.90232384
3.04942231 7.54695737
6.82797189 6.06721453
2.54476735 8.15077911
2.27272701 2.21318105
8.15531540 4.32300995
3.81355404 3.50804846
3.92474896 4.06528840
7.26730924 3.16235981
3.92793808 7.98590358
9.21835516 6.51552373
1.94606407 5.87426195
6.65000987 3.82647427
8.45200336 8.03870930
6.17776036 2.30514030
7.27643319 9.05813797
3.25090999 9.62817306
7.94172157 3.70289417
6.55139012 3.77063139
1.89521088 8.41733803
6.99226331 6.52600586
2.27955593 4.39639402
8.88972472 2.46974015
1.43112598 2.72036329
3.25162006 8.05278271
6.83327324 1.15608472
1.15560687 6.10206786
6.69963198 2.12879693
6.49415937 3.16316719
4.03049208 4.67948422
2.04575317 9.66784245
9.76388008 5.00501520
3.31719830 9.62735002
8.36251657 7.51805745
5.15630609 4.69520831
8.01414345 5.67652310
6.94523925 6.09573683
7.40966866 1.84694504
4.39858983 2.50380270
3.17839510 2.80741849
5.52990069 1.17093690
9.67570842 5.67067444
1.47314363 7.13848456
3.41999245 1.96090833
8.47273317 2.78116843
1.94278842 1.51215807
7.55701969 6.89744123
1.07379227 2.99332486
7.34213828 2.36926769
6.19075705 2.91840820
5.04310856 8.80680756
3.72336785 7.17375151
4.94453110 1.86539729
4.24571494 8.57152060
9.75741618 8.60573504
2.46005552 4.10958369
8.48069343 5.98506341
7.98567217 8.00004940
1.63979111 4.08165909
5.31119355 9.50702249
9.08405921 4.80728785
1.86099335 4.64088058
5.82312999 9.13957472
3.65391340 3.77977731
6.64464911 5.54672400
2.76282063 2.30254524
5.40547489 8.01451861
8.00948126 9.78223319
4.44446378 4.52790394
1.01637545 8.46925629
6.81965600 7.92929907
5.23560880 9.28174140
1.26202418 2.03753064
4.38415601 1.76595317
1.79099094 6.10185411
2.94509818 6.63881690
9.36459840 8.41493989
3.23587349 1.80696634
9.55173221 9.95046338
4.37045410 5.14609535
2.30800295 7.39162713
4.79650246 8.22713631
6.19567040 1.38505428
4.01459086 8.27736554
7.19302493 6.69278753
7.05254178 6.44533188
6.77011894 6.58378994
5.80085146 7.81972413
4.32543307 5.27714505
4.61304601 2.88289442
3.89700066 1.49513570
3.92974871 4.51524784
1.84045688 2.98409617
3.24587573 3.04723187
4.15199531 2.30388495
7.58351221 4.08389370
2.10128711 6.34239803
2.61683358 1.52250689
2.46962928 4.77995331
7.24158075 6.77350796
1.04685381 8.13961587
4.02119001 7.11744122
1.29405855 4.54409419
1.17649451 8.34710982
2.68270462 7.07093117
3.49359546 2.21816003
9.37265805 6.35522154
9.01567943 3.75939461
8.46851800 9.47514100
4.55665444 9.13717946
4.01577168 3.92139999
9.96159405 9.57169403
3.05756511 8.53481824
4.08212090 9.81319037
8.64835866 9.14427371
6.16306160 3.64736217
2.77772506 5.75084728
7.04364153 7.67609772
2.53344891 5.82299193
4.92498838 2.87401790
5.97666086 3.48322350
5.81549101 2.80098410
9.09948283 4.04292542
6.49301142 2.09739689
6.67015473 3.44836305
9.60878431 4.54738839
6.46665901 2.94232029
8.75328583 8.23899626
3.21071781 9.19943657
1.36139520 7.77315808
5.12081907 8.51913455
5.18937371 1.59023886
3.03890979 9.94937351
4.00759842 2.44274695
8.25247743 1.40562845
1.59767876 3.67766902
1.42660877 9.96141416
7.22015997 5.67627797
8.24649751 6.96238121
2.55938458 2.97670420
8.80924857 4.03265194
5.02876308 4.52022141
1.46826831 7.34116346
5.86066673 7.08526074
3.50408251 4.66222517
2.73384786 4.77714368
6.88142271 9.50220139
6.97111480 5.72643757
4.74730500 1.94994716
5.29366867 2.39597284
6.23968465 7.57222370
9.51846051 3.67167581
4.57214985 2.64656746
8.90146459 8.41669502
7.97463905 1.51561035
6.01047498 3.11512206
2.07716677 8.03451790
2.90423238 5.50730528
5.73486714 2.91953804
5.43035050 1.47537908
1.00065205 8.92289738
4.74029832 9.16677819
5.46676624 4.87997465
3.66320927 1.73520044
3.78725184 6.47623239
7.86507713 5.86742966
7.82430259 2.41976432
6.24915939 8.94342904
2.96164187 3.04902045
7.73589262 8.30851106
3.23241697 3.98412824
6.68592460 4.58588542
6.61609873 5.46787029
7.96286178 8.61299782
8.77444488 6.50372570
6.51325694 5.04682209
1.24852640 3.69262198
1.57327947 4.94006724
8.64536724 6.37121816
7.07979338 2.69207175
3.35757835 2.46818938
8.58419886 3.52281712
6.06093679 2.27015752
2.11590017 4.12825027
3.97317842 3.95967910
6.40839508 3.84391140
7.91862282 1.81603691
3.92307272 7.02273816
6.42638899 2.07564057
4.95526144 3.78299317
6.68683389 2.16883252
7.03509331 5.17449278
3.47400989 7.72699594
2.69118870 2.37014145
1.13820343 8.75170321
5.43128987 5.65044048
2.03286355 1.96998522
4.00405064 5.64607580
7.30784997 5.49343321
8.48402588 4.39653099
1.25279193 4.83537048
1.76502366 3.89848985
9.86639215 8.71618831
3.12810142 4.38366188
4.88048618 7.87481540
1.30111415 1.34760493
2.05406081 6.65492484
4.73091956 8.64033066
3.55652101 5.40326827
7.36107149 5.90681077
3.85119980 2.37288492
5.86543077 2.27940852
9.45374014 5.85901550
2.57423774 7.48578292
1.93192475 7.94480311
5.11560200 2.19395760
1.33489933 9.94040194
3.46931461 9.57023760
5.51652703 5.52713846
1.81962747 9.55635237
7.59606278 5.66855054
2.08231425 2.58108913
4.88949945 4.26032939
6.02324206 1.68709577
1.36311417 5.59992778
1.25651243 1.53596759
4.38707312 1.55601163
4.46922664 3.17575464
2.68993267 4.64211848
2.07913515 4.14675430
4.91386266 8.47002652
9.39525564 3.77504591
