5.93932154 7.43670430
6.42487038 5.90394865
4.81289319 6.81304702
4.93828490 9.02595701
9.67296484 4.45097367
8.12552534 5.76005428
6.11240105 9.33036974
1.63932452 1.78416370
1.18196558 8.49357861
8.00341076 8.83010933
9.80756508 8.19242708
5.15331426 8.02476259
2.06446983 6.75928919
2.29017959 9.50202025
5.69663490 4.73195746
3.38100051 7.96810320
5.10535299 6.11590554
1.16910820 6.55871947
6.50886150 6.55240597
9.49373271 7.13638269
4.23557111 4.93328758
7.27868076 1.54202924
7.00090044 7.03574083
2.89344305 2.16033668
3.83885516 4.27339694
6.13177093 4.94741362
9.89536454 1.91840330
2.87989080 2.45178566
6.87797493 3.27962442
5.19679696 3.19983033
2.43072625 1.99337627
6.90696631 2.24364656
2.76924126 4.31852654
8.38893907 1.87391148
8.54150417 1.86488567
9.78813519 5.21786081
9.79084979 6.44360968
7.65337221 1.35269013
3.54526266 2.08176905
3.66526178 2.06854947
3.86184861 4.72836695
1.57732747 7.23224907
6.09941309 3.38850542
5.70923248 1.84546460
6.18351846 9.36366578
3.86712057 7.00669342
2.18618076 7.44694484
3.60465484 2.64872226
6.27861641 1.18096792
8.46046026 1.04225929
7.10034883 3.43007176
7.61674620 9.65969691
3.23877829 6.18541601
6.32837738 6.15026715
3.00773469 9.57474110
5.02412841 8.61767805
7.29531348 3.67693256
8.32418038 4.56855167
8.92992877 6.23145585
8.93561826 7.23278431
7.52728852 5.51191944
9.60475271 6.79591179
4.81469544 6.45753893
1.17273878 3.71417335
6.94156184 3.61069846
6.56213886 4.85891831
2.21926658 3.68454093
6.12968420 6.31785485
6.16892724 6.87880738
6.86892943 4.88276592
9.06891936 4.30805683
4.92278433 9.02731020
8.25574590 7.33499725
1.90204199 9.27534352
7.42817170 9.98962306
2.34503474 8.81313452
2.46243641 6.54003608
2.11437985 8.63207406
8.26587063 6.12190665
4.66464968 1.62250296
7.27685896 5.08188414
7.49850040 8.79744093
9.77969355 8.70223008
1.10542676 4.23980258
7.56991506 2.54466710
5.68932946 1.48904190
2.79996872 1.16669615
8.14327933 3.01532219
4.10816513 9.35273164
7.33972962 1.28655037
2.48224741 6.59330561
6.19505730 3.14103539
9.40792598 6.52569360
5.82069523 6.30918979
7.57109827 3.80750496
4.58398956 2.88859374
2.67573705 9.49935151
7.65595716 5.41412928
3.04673165 3.28920834
1.52226244 4.90974963
3.80616294 7.26709140
4.39976655 2.61643310
1.22210856 1.60524668
7.11453496 5.08327160
5.82921290 9.07004164
9.91305053 2.95207286
6.96770383 3.36990139
1.18585900 7.82540788
3.88015436 4.45117505
6.29485402 8.47943610
6.66083659 8.85385590
3.46187831 8.18242151
2.67072350 9.57512491
7.18739449 2.93956909
9.52633531 7.57770226
3.28547478 2.91980780
5.66380643 1.23096446
2.86723068 4.82216922
4.36752982 5.17217882
3.49865836 6.28105912
8.77470045 2.05778670
5.65641196 2.18861296
7.45173713 4.56453733
6.08879181 2.64951853
2.30362983 5.39250653
4.20051464 9.46388751
7.88792728 7.73797258
9.13347766 1.75080192
5.96973223 6.26028462
9.65742741 3.62932774
3.16745902 1.90264548
1.14786667 9.36576385
7.02924892 8.06637621
3.53557095 6.27769150
1.57559740 5.37064836
9.79745626 8.88854721
4.04343057 9.65413139
3.08531464 9.54386940
9.47239934 8.19282329
6.67403143 8.86859170
3.63718256 8.64049200
6.56089023 1.11913172
4.12510166 2.33326775
9.83646451 5.30533276
5.47652229 6.75525265
4.31726146 2.23210245
8.39905960 2.70863121
5.60187084 3.01885326
1.88060036 8.75972366
9.75627540 9.64751192
9.15899949 7.96642599
3.99830637 1.72991251
4.66517054 3.09010728
2.19238871 1.48084464
7.53034928 1.10284713
7.93522674 2.32251981
1.71569874 1.80642731
7.04843027 3.20830489
4.78485520 6.01631912
8.74496056 7.54339836
3.43295115 2.18334519
1.49836888 3.71438771
3.35906334 5.10526510
7.14953202 7.26062901
3.55166962 4.41934260
2.63035866 8.09690961
1.51163269 7.27297518
8.00825856 7.99666806
3.33480308 4.36431824
6.28839672 3.45539712
4.33767519 2.77348852
5.13870295 1.40151071
8.19816296 1.69260802
5.66951634 3.76129090
6.19788654 9.63490007
6.81013220 1.31826192
4.87362196 5.59015167
5.82559745 7.13253260
3.49836488 2.15974509
4.53408109 9.60765151
2.68417803 9.13585559
5.89425355 5.11220279
8.93837269 5.12743566
7.51750873 4.59122790
9.13639954 7.21022518
7.29659849 3.94948361
7.81100778 6.72454950
3.16018246 2.44484940
8.16752327 9.63249943
5.12324945 6.31885749
8.71950380 5.11501108
9.56687029 6.18176046
8.38690409 9.17959347
8.33971437 2.43473017
6.66008595 4.58590833
1.56441657 4.81629027
3.32815660 8.64134478
1.29974164 9.63084450
4.19831964 4.21036201
1.14695652 2.66709093
4.61133551 9.36362276
1.89653437 9.50771380
8.82539677 5.08746157
3.94030794 3.09469716
6.53018236 1.29767132
1.14045458 4.85916150
1.61266667 3.26746889
2.99044824 3.27872074
2.17949708 1.10832601
2.03935867 6.56632234
9.76830592 9.91310501
4.68148686 2.46658983
6.74885582 5.41274812
9.90468800 1.58773786
8.04910994 3.59558648
3.17276758 6.96254114
3.21456866 6.99273206
5.65577665 4.81680090
5.99219028 3.58346368
7.35917236 4.73371182
4.24491004 8.45791223
9.32470221 1.41406580
3.09364294 4.13667433
8.33469831 9.86942285
9.72074534 9.14453511
3.66900639 9.92810119
3.24478037 1.95315539
9.55857350 3.10078230
7.20791439 1.52520723
7.57638189 8.93548191
3.45193206 4.41151206
4.36866565 7.73909432
3.14026518 2.54667789
5.04362484 3.74021567
8.55270210 3.13967643
5.52150512 9.48325240
6.70597928 8.80560465
9.46188720 7.75688376
7.29617554 9.71169010
9.94960711 5.06639514
1.63782800 3.63514628
2.37119235 4.75737737
2.18160396 6.43706024
4.44527253 9.05847296
9.71015205 5.92196412
3.47341213 6.33007377
9.07085042 4.66060011
5.96870449 3.44487491
5.09899735 4.61542182
3.23572119 5.55279745
3.79342743 4.35731377
5.72473398 7.75535521
4.00156719 9.31742890
8.76086692 1.43821266
3.28278272 5.01521961
1.94165100 4.13628390
7.66087773 7.12463033
6.60145986 7.39475562
2.84431318 4.07528303
7.08618234 8.91311287
5.89310248 3.54429686
1.27211732 7.39303146
1.07095693 4.35411163
5.77483493 9.29900316
1.80545091 4.65348090
1.21881880 4.08349886
6.60007953 3.51161153
2.88774955 2.04132910
6.19426220 7.25743005
7.04761427 9.53974919
1.02432893 6.82476989
6.40353013 6.29865649
9.66493288 1.15184506
7.26834188 8.32310785
5.58826477 4.00568383
8.11756147 1.87518633
4.97832074 5.67957137
7.24560770 1.81797159
3.04983551 4.69271406
6.60965206 8.98264703
6.56943551 2.20115324
9.82522120 8.84607161
5.52448685 9.30113184
5.87242714 9.30975461
8.46907632 9.71457769
9.27804530 1.32430436
2.57294804 4.50221209
9.56928428 3.70026028
2.44420879 8.97674199
5.01754974 9.17088035
2.44207420 6.95005760
4.96237378 1.68838092
7.26816830 3.22658880
1.35653970 1.53949868
1.54970683 9.16959662
7.65895526 9.08256121
7.05324080 5.76045936
3.74001728 9.98166026
4.25970153 5.23584054
4.40420657 9.81574236
2.57192547 3.95189201
7.12313799 1.56886857
6.46524437 5.29881853
3.55599979 3.14571953
5.63061469 4.31134822
5.10867902 4.03729644
9.73444324 2.20095489
1.87123558 4.09052556
6.31924211 6.93258825
4.57531072 9.99350195
4.16703697 7.49266001
6.73824425 8.31748477
9.78603097 9.00814291
7.88105777 7.28423630
4.01948353 2.32917020
1.56372403 3.17711534
4.89053333 5.69796646
7.95775199 9.62866831
2.05588432 1.96303726
6.30725251 7.70858267
8.63335342 9.42248872
9.85083618 4.59821523
4.42301665 2.33027809
7.16440995 6.91085763
8.75856336 1.87532195
5.47999217 6.22973737
3.17401336 2.52122866
8.73622753 1.52681430
5.23558814 2.04250601
5.11352885 9.81966094
4.81335718 8.71412426
2.05584008 3.44126869
4.63413467 4.59830926
7.04245131 4.10246315
7.42390182 6.75268209
4.59245031 4.88584115
6.53074930 1.63037971
8.40166065 6.88079045
7.53708218 5.83230701
1.99429400 4.64532052
4.64836225 3.88938691
1.26955292 7.63528818
1.98806012 6.45677320
7.32895747 6.71307691
9.63228027 1.92968340
8.80450443 1.26271211
5.81425169 4.63819256
5.71765474 4.28589889
2.71510223 1.17210608
5.66334832 8.58499176
4.35894360 3.00577436
1.72478803 1.76779831
2.99256802 1.90012655
3.38535729 1.59534516
1.59044380 8.70648562
2.45908235 6.03714165
7.96109990 5.10768609
2.38031990 2.79636528
4.89685786 5.75410680
4.14496263 8.03331640
7.75919484 9.34490627
1.26057294 9.06122162
4.53311910 8.90535246
7.21706299 9.88613881
7.83354207 4.28090163
5.50956856 4.38750240
4.28420652 3.34814049
5.46373266 7.13565951
3.49606244 5.71941830
2.05642265 2.43860758
1.42125719 9.73658298
1.03474316 2.60721971
6.51580078 1.73232639
8.93706853 7.47658142
9.69750974 5.56871993
3.70363315 5.94550516
9.37736846 5.68685294
3.40486329 8.89658910
4.34726874 1.01245015
3.22916520 3.86410158
8.72899721 5.12652850
5.00128559 4.02492040
8.92610311 9.50524099
9.92701296 4.39067140
9.69532701 8.12691613
7.08120233 3.20400531
2.94811535 2.49443042
9.30480949 3.64668996
5.07784821 5.44562051
8.00354436 8.59811465
2.25165431 4.84213924
8.58569399 8.36229975
1.92172383 2.40745014
3.73778822 1.67823162
4.82196703 1.96855935
6.11395834 3.21901246
6.36789759 2.05773079
9.78295482 9.39305083
4.52617245 3.17960735
3.25358392 5.35054182
1.35993522 6.75734595
4.67472618 4.39665915
8.28428474 7.38131914
9.58900434 4.16742616
9.07788488 7.92970468
4.21682186 6.59498893
3.59712962 8.86959925
2.01184585 2.91190925
2.64729963 4.62723402
7.70709664 5.74216704
5.38908691 1.00491368
4.82861553 1.57198397
2.87427927 9.39154545
2.93858384 8.72503875
8.22604034 2.43231613
6.45140762 2.04095685
7.55099343 6.73716050
8.30744706 5.31446094
9.23376779 1.44414052
3.63599709 7.43547338
4.76298291 2.55656219
1.96489671 8.35605200
5.25828681 8.94055305
7.59960221 4.68753585
4.36159913 5.64074512
9.00153958 7.63550722
1.04637668 7.24742066
9.27556666 7.39410184
2.59305203 5.35166315
2.26284416 4.23095751
9.43405338 9.30974777
3.54553167 4.05667940
6.40191581 9.66877566
2.33021201 3.31224979
8.86201145 5.42703009
9.09064983 2.66966108
5.79401729 3.93642669
3.84888304 5.02189268
4.89769704 4.21612192
9.23473693 7.58569767
7.54792292 3.60922105
6.19938482 8.01261490
8.16031332 4.10077415
7.93785481 7.62304507
2.27355837 8.79350922
4.97189323 5.37769404
5.03532261 6.11061401
6.59052323 5.48361609
8.80109689 6.64961281
4.61285154 4.75022581
8.29754754 4.13372748
2.90309316 1.53444869
8.88424163 9.26691806
2.08108164 4.01026367
2.57834863 2.04308622
9.09880069 1.51189533
9.82437097 1.86805775
8.77123584 6.09855496
4.31125739 4.08108139
7.81627729 3.83115966
6.91587025 5.65593475
5.36469081 9.11045954
5.99180553 8.44175443
7.53016181 1.34701521
7.95799047 2.95183225
9.12834682 1.38631772
3.99764831 1.89759653
5.28030205 8.38020192
3.68368624 2.35841408
3.97240332 8.32492128
2.26345562 3.04626204
1.61966768 7.35139040
4.55709919 3.79755979
7.46763751 4.02379788
7.54994146 8.33679456
2.95896559 9.76436827
2.46122153 3.61756816
2.61815762 4.10955091
5.32054799 5.69958282
8.68245438 9.00503118
2.98093475 6.60604629
2.00346452 5.13072874
3.90100184 3.84850671
5.34325818 7.56844872
1.62264393 8.91256004
7.61332397 2.58849450
9.45244818 5.55681002
9.99827720 2.77533527
5.81417379 3.61223238
3.73756202 6.31958843
9.29547160 8.24737470
7.51547259 6.03256404
9.30068653 5.43125266
8.86448961 8.50583479
2.92451812 7.94102917
1.10954041 3.90546584
3.06610700 5.56176663
7.63167846 1.87908731
5.63429982 9.44570820
3.05781896 7.09427030
6.33592244 1.09057326
5.28243576 7.37893352
1.39577889 8.91569335
5.68073275 1.27594943
3.01972251 9.58308127
6.24087760 1.96725311
3.58790052 5.11033263
1.18855062 4.70453962
5.40512772 3.19310088
6.29775100 7.77916108
3.12250802 6.58449910
6.75660019 9.53686271
8.00448551 8.63510743
5.41377918 2.66813728
9.96233764 2.16420185
5.24311587 1.61283789
9.49465772 9.68432447
7.47450156 4.14993559
3.28944161 3.38772992
2.14564623 5.73228058
2.27635548 3.85057600
6.64035828 7.54789249
1.21845434 4.87104386
6.86912135 8.67921379
5.27792304 9.72285285
3.39069293 1.12157836
5.35377578 3.30502416
8.41345905 3.09495405
3.79566296 8.12104688
7.43628927 6.02246113
7.34453256 4.76773177
1.04779043 1.10219616
5.60099609 1.74961882
1.45967932 9.68964975
8.73102376 2.36824504
1.00597797 9.47501016
3.50492768 2.67307843
7.22357297 1.98013365
3.38184638 9.77585212
6.75516497 5.68610012
4.58126753 7.97050859
2.26861729 9.70604022
8.75010707 6.55891284
1.38615571 7.30770085
9.21955907 5.72119361
4.18802340 2.08249610
7.79410994 8.96519666
1.90226570 7.83086099
1.15354438 9.70349426
6.53552219 5.97195153
3.66354850 9.36362504
3.39315065 8.45331952
9.86597811 8.05056981
5.67090928 1.59466837
5.25172410 4.94430352
2.82516437 4.81228873
4.21982096 2.47315835
4.97236729 3.36519961
5.69856179 1.31644054
9.15608278 8.34727875
5.97323199 8.66627724
9.66155566 1.99470065
6.67748628 9.98194601
9.89100252 6.42990693
2.15218783 6.24873548
1.01858172 2.79020201
9.60510844 3.97396515
6.74551095 3.52773545
9.53039698 7.55702857
3.96686042 8.12585279
1.97348972 4.53087046
2.99096315 7.15353803
1.92201654 4.57323249
3.48984757 5.55708627
4.14907912 7.35769520
1.22119322 6.70588229
3.07514161 3.41838126
8.20230043 9.60011555
3.84895189 8.44124743
1.93591754 6.70583488
7.75929070 2.40380135
4.83402149 9.03436448
1.93220617 1.16286722
6.31526841 4.91978386
8.18820324 9.31109984
3.69238280 4.49563705
5.37644878 6.29336314
9.85468447 7.27597226
4.50593657 3.37390918
9.50163147 2.21993590
7.48239267 9.32855523
6.98199028 4.80748996
2.79091846 4.30727790
7.36184628 6.84580802
9.35178550 8.80174822
8.34535677 9.20305788
3.48703437 4.32571186
4.41904513 6.04405530
7.01396407 3.58045015
1.17516221 4.59300145
3.77675164 9.47966247
8.99438536 8.74279611
6.87699785 4.09860248
5.93964341 8.33702537
1.88749332 8.20967392
1.37061812 8.34778928
8.26807424 1.45906578
6.64444640 5.52207767
2.52837553 2.33541044
7.95933213 6.10923474
9.84699221 9.84023000
9.93400294 2.06753967
9.44430523 3.20112648
5.12391034 7.81665900
2.83258839 6.09680445
2.67235073 1.94262496
2.04902751 4.21875131
1.04189353 4.82368529
6.97777395 4.61519367
1.77215140 1.56419976
3.50304861 2.52381421
9.68585476 2.36107202
8.24916194 6.27497148
6.12358228 5.60872644
9.74586769 4.27460298
8.09124176 5.99764697
4.56070301 9.59919340
6.38484372 2.07025248
4.75785281 8.03423555
7.24372321 9.24706297
3.33439646 7.82374345
5.13887687 6.16248772
9.59542013 9.81357688
8.75431868 4.23187379
8.98930752 6.74748260
4.86997102 1.32168414
7.93115312 5.51895023
8.07569650 7.73220519
8.14210631 3.70586043
8.20718739 5.93961696
5.25993580 7.07613322
1.19222815 1.92085134
3.62959629 9.84691099
2.25771201 3.97536671
1.45947758 3.98141992
3.88293658 9.52126454
8.60638678 4.44487797
1.22292152 8.47928003
6.94482559 2.37128035
9.96464144 1.90210094
8.80403087 3.64839548
4.91818120 8.15910874
7.09757520 9.44077937
6.59026293 1.88029145
8.95924327 7.92239972
7.40683406 1.48360193
4.56600470 2.50692238
8.39713518 7.30475761
8.94769838 9.69917596
7.97272853 9.94809775
6.53292898 1.33416644
1.12826364 4.07893488
8.41124547 8.79521236
9.64731276 1.58609322
1.40114000 9.21955237
3.74542029 6.02188661
9.84200395 4.60403681
6.99284258 4.60791607
7.91375198 5.74943253
3.13770824 3.44175491
3.32253291 5.79088295
7.32870114 9.54351910
7.24678638 8.03073560
2.52033504 4.36656363
4.72402198 7.17742207
3.66302779 3.72962729
4.20300239 8.29271873
6.19831081 1.67749552
1.70421490 4.34158250
7.89931946 7.19815084
7.37184119 7.90489059
3.58437442 5.93430654
5.89017376 7.65669251
9.61183512 3.50190950
8.13953505 6.93973494
6.22214084 7.97391801
9.49629220 1.33022276
2.32660092 7.80658508
1.75412218 5.64511331
2.97874699 3.46866133
7.31656435 1.27173496
8.85987485 5.00031060
5.52153965 5.86043167
6.80989865 4.10370928
1.90996742 3.86541043
2.51327906 6.00519862
3.86225768 9.62260460
9.69160850 6.58113293
6.55747541 9.86840708
8.98554836 7.88562954
3.82231551 4.28985125
2.81140089 5.38433314
9.91331670 9.20935858
2.06514491 1.22671260
9.08773902 5.83453115
2.80170899 7.06287943
6.79800860 2.09877046
3.33640210 1.54070168
2.88874426 2.19075107
2.73912663 7.16920431
1.44549770 1.91669154
2.20756274 3.84887009
3.68875280 3.29557407
7.75482988 9.98220509
5.80580131 9.49782446
4.56949101 1.96014202
4.67896447 3.66514996
5.44066266 6.91339309
5.14945197 9.41644461
8.96288340 7.31779836
5.40716421 2.18518554
4.57312300 7.33961385
3.56396968 1.93589270
9.17108612 7.38145729
6.53748784 8.13249015
8.52081434 5.35113098
8.93069426 9.24777110
3.44395986 6.46790824
5.73925626 5.84151201
9.43896785 3.74669832
9.85090580 9.11918093
5.12850600 8.35707937
7.92142295 7.10105473
3.87850500 2.76805893
7.04374927 8.58675967
1.14627510 6.78523038
4.98585722 9.08278980
3.89325638 5.26766331
5.63290394 2.26395569
7.41603072 8.47428711
1.52118349 3.62249938
1.34240213 9.60889694
7.00451939 9.67780378
5.78344850 8.21861672
4.36972585 4.18437129
4.40441035 6.92075920
4.23507836 9.10330706
9.84947379 1.27383864
2.74260961 2.01024993
1.38127642 3.04966894
5.02113988 8.53291329
2.99641627 5.44550730
9.36656866 7.00493236
8.18271118 5.95894573
9.82419813 6.29795939
1.40959643 2.78184520
4.64296266 6.41149455
7.94737781 4.71777513
7.39052475 8.10882553
3.85534178 9.81343216
6.84690846 8.92898255
6.00343920 7.67442796
7.93489655 9.17423541
2.35314781 6.02455082
4.85540662 9.30843119
1.94585225 9.84316500
8.87906192 1.66443653
5.41869747 7.45803550
7.64336391 9.15844713
8.19878892 3.79837342
5.48591307 7.31607187
2.24593157 2.74591718
5.32938203 3.68421219
8.76303325 6.27649589
4.13798678 8.63949723
8.24390604 9.98519389
8.62576920 4.73010881
2.14748994 8.56576817
1.53782126 4.15244087
9.27764183 9.64689826
6.76508134 7.19783485
1.38209040 5.63032307
5.92181361 4.06090672
1.61737151 3.06016840
4.22185543 4.91627788
6.31834053 7.50152367
3.85868686 3.96058384
1.17722478 1.36787374
3.32039525 7.66220498
6.65482447 7.92810119
7.92027493 8.70910721
7.48287339 9.81109827
9.08942697 6.28045450
6.29341903 1.30840336
9.98673920 2.18418398
7.66312477 8.38913676
4.35749076 2.77166849
1.88883898 7.73745405
5.07388176 7.42345983
9.23866884 2.31925363
9.27253901 4.70463814
3.74740309 9.48756035
9.91586523 2.79002996
6.91154512 1.95845782
6.85822603 8.44581905
7.16048692 4.75599828
4.44759724 4.53810174
6.30740636 8.93410543
9.36159542 1.48176658
2.63460155 2.01001884
2.74001177 4.11947030
5.55878514 6.66515104
7.58927997 9.01100387
9.90179594 6.96570831
8.60828067 8.00234962
3.76778835 8.88123043
1.38486824 1.00330609
3.46359366 5.15887777
6.74526606 1.91593240
7.05709120 8.21634280
2.66781628 4.73612729
5.67986491 5.06626316
8.19846938 9.64470158
8.19057848 1.70193536
8.24442015 1.59936699
3.12373347 2.37787207
2.77767196 5.75483614
7.04520872 5.23289154
9.63726075 3.16263088
7.86826207 8.83163961
6.05859500 5.10600252
6.36566002 4.85928793
5.99674494 4.75240557
4.60422739 7.25811821
1.83566092 2.49887865
8.66078625 7.93969612
3.53308355 4.39542039
9.33423856 8.36269503
6.52911670 2.99341161
1.39826774 4.88132062
7.05364425 8.45632441
8.67420105 1.29498311
3.19741330 4.05185130
2.69858990 8.22677841
7.90719187 5.65149736
9.84633830 2.29652687
9.09686533 2.04816929
2.46863535 7.26597280
1.98612723 6.09260586
4.78210183 7.55626569
9.10607715 7.92884363
8.64720889 1.29650904
3.79175948 5.63889778
4.74357983 3.08129458
3.77086688 9.50887873
3.64762792 4.18513699
1.03338796 8.60569865
2.39356633 2.83729848
3.29738065 8.96159851
2.85806270 8.17773725
8.27244406 9.34318512
2.04005182 2.95551075
7.68608463 2.76400679
3.57696592 2.50067422
2.55427018 5.33398019
1.98714756 3.89527857
4.83934519 1.22093305
4.49499850 1.84710192
5.44220678 8.43164370
8.36579946 1.72403664
6.41104982 8.51127744
3.14175289 7.85733860
9.01687912 8.25511736
1.96570928 1.08154000
2.72551699 3.43429607
6.54564692 4.45845858
7.33066328 4.17767464
2.38982882 3.81420859
8.95891804 9.62679110
2.86761461 8.09621548
3.46013863 8.98418389
2.48991052 6.99363927
1.75790138 9.76503992
7.30570010 8.57634165
6.10002405 5.29121228
6.59694152 5.75867361
5.22445920 7.83505226
2.60380859 2.54054843
4.88658386 3.88673124
1.66712066 8.60023443
7.94442526 5.89529350
9.81392084 1.65340060
7.90002371 3.39733352
4.31739028 2.97351447
8.10134102 2.29816092
8.56015028 6.95419883
1.53120921 8.29883558
6.64980145 9.14484088
7.73850076 6.05008835
8.52892463 3.50245214
5.92255056 3.64255138
9.71383952 3.03576671
1.14164416 3.93269358
5.52258457 1.25526641
6.03323470 8.86854497
7.34258975 6.60671491
9.60365576 9.62451400
8.41839823 6.46967663
5.38988104 1.11984502
6.45635716 9.90179268
8.36290945 4.06544179
2.36842323 8.05652753
7.69544039 9.70342113
8.87358126 6.00096363
1.91155822 5.35150593
3.82325549 5.61167634
3.71531417 8.75640693
8.59894313 3.83918641
6.39623212 4.87162772
9.18183481 2.68624811
7.27955562 9.73337795
2.57747968 2.81769786
7.24351005 8.01238532
5.41494149 6.48717819
2.91414168 5.28952806
2.00864693 3.89279733
3.56301735 5.00162824
9.37113726 2.63140896
4.61249422 6.54037497
9.51901377 2.19833372
9.26088955 1.72948410
5.32667257 5.09130881
2.88642456 4.12713701
5.08748742 8.78690317
9.59557731 5.67033111
8.83089811 6.47354427
4.14178608 2.74774787
4.71821295 5.70541855
1.39999049 2.31257049
6.40165982 3.02501435
8.53593738 3.94248025
1.94350787 1.75177530
9.43410718 2.06218280
2.26818788 8.76399452
3.28859317 6.99356270
8.35053118 6.46462576
9.61739689 7.37994609
2.01476359 6.02569024
7.46367873 8.21761516
1.23689202 7.46991024
8.43112739 7.72150430
5.61114231 5.12218867
5.94476725 7.34179329
9.30622862 6.55331690
8.99050876 7.31131163
1.61502740 5.50745371
3.57837713 3.56657435
4.20334796 3.83259495
6.20748982 7.15241350
3.41874448 2.16786360
1.52927849 6.18177561
2.67517150 1.08323195
9.34977771 5.83426377
1.83203362 8.58629001
9.84882464 5.03740596
1.38240647 2.05791347
4.43488372 8.96970374
2.33234811 8.41591085
1.13478634 5.11649829
6.79957427 1.54341534
6.53286476 9.49963709
2.44233928 7.56650245
6.48184508 2.66604750
1.05583073 1.08356005
5.78883168 9.48501469
6.79868765 7.42869862
5.44478938 6.23700048
2.13730773 8.89138558
7.84713366 9.98379058
3.67950653 3.04315995
2.12645492 9.67788781
8.02796666 2.49692152
5.97417824 4.72391387
2.36337407 2.45865687
9.67122995 3.74467765
9.47295363 1.68049606
5.14722738 2.16657144
1.04308647 5.98389466
2.02504694 7.49822078
7.28304738 2.58699617
9.47567929 7.48939068
3.68173238 7.38310388
7.58737250 4.08003698
4.38029706 4.23195857
6.54956599 9.10369132
2.55873913 8.87679649
1.24887841 6.94304736
4.72994986 8.12153397
7.49078302 5.32097026
6.79477633 5.51595818
